[TEXTURES]
50	Textures/overworld.png	255	255	255
[MAP]
50	2048	2048
[OBJECTS]
#BRICK
6	80	46	40	4
6	80	76	40	4
6	80	48	2	30
6	94	48	2 	30
6	83	50	2	4
6	87	50	2	4
6	82	58	8	3
6	86	66	8	3
6	64	0	160	2
6	64	44	160	2
6	64	0	2	44
6	126	2	2	44
6	71	2	2	40
6	75	6	2	38
6	79	10	2	31
6	77	6	35	2
6	111	6	2	35
6	115	6	2	38
6	119	4	2	40
6	81	38	30	3
6	85	34	22	2
6	83	14	2	22
6	81	10	28	2
6	107	10	2	26
6	85	14	20	2
6	103	14	2	18
6	87	30	16	2
6	87	18	14	2
6	87	20	2	11
6	99	18	2	10
6	91	22	2	6
6	91	26	10	2
6	96	23	1	1
6	0	0	64	2
6	0	0	2	14
6	0	12	30	2
6	30	7	4	7
6	30	2	4	3
6	7	6	2	6
6	15	6	2	6
6	23	6	2	6
6	11	2	2	6
6	19	2	2	6
6	32	14	2	16
6	34	28	30	2
6	62	2	2	26
6	39	2	2	22
6	47	8	2	22
6	0	14	2	32
6	2	44	30	2
6	2	14	30	4
6	30	16	2	21
6	30	39	4	7
6	32	30	2	7
6	34	30	14	4
6	46	32	2	14
6	34	44	14	2
6	0	46	2	80
6	2	124	94	2
6	94	78	2	80
6	73	78	21	4
6	73	76	7	2
6	78	46	2	30
6	64	46	16	4
6	62	30	4	55
6	57	76	14	6
6	48	30	15	4
6	48	30	2	23
6	50	44	5	6
6	57	44	5	6
6	73	60	5	6
6	2	46	52	4
6	46	50	2	3
6	41	60	30	6
6	9	60	30	6
6	2	60	5	6
6	2	76	21	6
6	25	76	14	6
6	41	76	14	6
6	2	92	5	6
6	9	92	30	6
6	41	92	46	6
6	89	92	5	6
6	2	108	21	6
6	25	108	14	6
6	41	108	14	6
6	57	108	60	6
6	14	122	4	5
6	30	119	4	5
6	46	119	4	5
6	62	119	4	5
6	78	119	4	5
6	14	103	4	14
6	30	87	4	30
6	46	87	4	30
6	62	103	4	14
6	62	87	4	14
6	78	103	4	14
6	78	82	4	19
6	14	71	4	30
6	14	55	4	14
6	14	50	4	3
6	30	50	4	3
6	30	55	4	30
6	46	55	4	30
6	46	50	4	3
6 	34	70	12	3
#GATE
10	87	71	1	1	5
10	4	23	1	1	9
10	7	119	1	1	8
10	29	7	1	2	41
10	34	7	1	2	40
10	29	39	1	2	51
10	34	39	1	2	50
10	14	119	1	2	12
10	17	119	1	2	11
10	29	119	1	2	13
10	34	119	1	2	12
10	23	114	2	1	21
10	23	107	2	1	12
10	45	119	1	2	14
10	50	119	1	2	13
10	61	119	1	2	15
10	66	119	1	2	14
10	77	119	1	2	16
10	82	119	1	2	15
10	18	103	1	2	22
10	13	103	1	2	21
10	39	114	2	1	20
10	39	107	2	1	13
10	55	114	2	1	19
10	55	107	2	1	14
10	61	103	1	2	18
10	66	103	1	2	19
10	77	103	1	2	17
10	82	103	1	2	18
10	87	98	2	1	28
10	87	91	2	1	17
10	39	98	2	1	25
10	39	91	2	1	20
10	45	87	1	2	26
10	50	87	1	2	25
10	61	87	1	2	27
10	66	87	1	2	26
10	34	87	1	2	24
10	29	87	1	2	25
10	7	98	2	1	23
10	7	91	2	1	22
10	71	82	2	1	29
10	71	75	2	1	27
10	55	82	2	1	30
10	55	75	2	1	26
10	39	82	2	1	31
10	39	76	2	1	25
10	23	82	2	1	32
10	23	75	2	1	24
10	18	71	1	2	33
10	13	71	1	2	32
10	71	65	2	1	38
10	71	59	2	1	29
10	71	66	2	1	38
10	71	59	2	1	29
10	7	66	2	1	34
10	7	59	2	1	33
10	13	55	1	2	35
10	18	55	1	2	34
10	29	55	1	2	36
10	34	55	1	2	35
10	39	66	2	1	36
10	39	59	2	1	31
10	45	55	1	2	37
10	50	55	1	2	36
10	55	50	2	1	39
10	55	43	2	1	37