# Id	FilePath		R	G	B
[TEXTURES]
1	Textures/item.png	255	255	0
10	Textures/sophia_die.png	176	0	248
20	Textures/misc.png	176	224	0
30	Textures/car.png	255	0	255
40	Textures/enemies.png	255	0	255
41	Textures/bosses.png	255	0	255
50	Textures/map2.png	255	255	255
60	Textures/jason.png	255	0	255
70	Textures/HealthBar.png	255	255	0
80	Textures/Health.png	255	255	0
90	Textures/enemies-1.png	255	0	255
-100	Textures/bbox.png	255	255	255
5	Textures/title-1.png	255	255	255
6	Textures/title.png	255	255	255
7	Textures/intro-1.png	255	255	255
8	Textures/den.png	255	255	255
9	Textures/intro-2.png	255	255	255
100	Textures/Endgame.png	255	255	255
101	Textures/Endgame2.png	255	255	255
102	Textures/Endgame31.png	255	255	255
# id	left	top	right	bottom	texture_id
[MAP]
50	2048	2048
[SPRITES]
0	0	0	0	0	-100
#=========== SMALL JASON =============
#stand right
1000	141	3	151	20	60
#stand left
1010	121	3	131	20	60
#move right
1100	154	4	164	20	60
1101	167	4	177	20	60
1102	180	3	190	20	60
#move left
1110	108	4	118	20	60
1111	95	4	105	20	60
1112	82	3	92	20	60
#climb
1200	193	4	205	20	60
1210	67	4	79	20	60
#crawl right
1300	207	10	223	20	60
1301	223	10	239	20	60
#crawl left
1310	49	10	65	20	60
1311	33	10	49	20	60
#dead right
1400	141	23	155	39	60
1401	158	25	174	39	60
1402	177	23	191	39	60
1403	195	25	211	39	60
1404	213	29	229	39	60
#dead left
1410	117	23	134	39	60	
1411	98	25	114	39	60
1412	81	23	95	39	60
1413	61	25	77	39	60
1414	43	29	59	39	60
#
## BIG JASON ##
#Big jason stand right + left + up + down
2000	141	77	165	109	60
2001	107	77	131	109	60
2002	88	42	108	74	60
2003	164	42	184	74	60
#big jason move right
2100	171	78	195	109	60
2101	199	78	223	109	60
#big jason move left
2110	77	78	101	109	60
2111	49	78	73	109	60
#big jason move up
2200	114	43	134	74	60
2201	62	43	82	74	60
#big jason move down
2210	188	43	208	74	60
2211	139	43	159	74	60
# big jason dead
2300	82	112	106	141	60
2301	110	112	133	141	60
2302	137	112	161	141	60
2303	165	112	189	141	60
#
## SOPHIA ##
# car	state	right	wheel
#  5	  00	  0	  0
# stand + moving right
50000	146	5	172	23	30
50001	178	5	204	23	30
50002	211	5	237	23	30
50003	242	5	268	23	30
# crouch right
50100	146	30	172	47	30
50101	178	30	204	47	30
50102	211	30	237	47	30
50103	243	30	269	47	30
# down + falling right
50200	146 	56 	172 	72 	30
50201	177 	56 	203 	72 	30
50202	211 	56 	237	72 	30
50203	243 	56 	269 	72 	30
# stand + moving left
50010	109	5	135	23	30
50011	77	5	103	23	30
50012	44	5	70	23	30
50013	12	5	39	23	30
# crouch left
50110	109	30	135	47	30
50111	77	30	103	47	30
50112	45	30	71	47	30
50113	12	30	38	47	30
# down + falling left
50210	109 	56 	135 	72 	30
50211	78 	56 	104 	72	30
50212	44 	56 	70 	72 	30
50213	12 	56 	38 	72 	30
# turn right
50300	146	80	170	98	30
50301	179	80	203	98	30
50302	211 	80	235	98	30
50303	244	80	268	98	30
#turn left
50310	111	80	135	98	30
50311	77	80	101	98	30
50312	45	80	69	98	30
50313	12	80	36	98	30
#turn right down
51300	146	106	170	123	30
51301	179	106	203	123	30
51302	211	106	235	123	30
51303	246	106	270	123	30
#turn left down
51310	111	106	135	123	30
51311	78	106	102	123	30
51312	46	106	70	123	30
51313	11	106	35	123	30
#jump up turn right
50400	146	157	170	178	30
50401	177	157	201	178	30
50402	210	157	234	178	30
50403	244	157	268	178	30
#jump up turn left
50410	111	157	135	178	30
50411	80	157	104	178	30
50412	47	157	71	178	30
50413	13	157	37	178	30
#jump up right + moving
50500	146	130	172	151	30
50501	178	130	204	151	30
50502	211	130	237	151	30
50503	245	130	271	151	30
#jump up left + moving
50510	109	130	135	151	30
50511	77	130	103	151	30
50512	44	130	70	151	30
50513	10	130	39	151	30
# upward right 1 + moving + jumping
50600	146	179	171	213	30
50601	176	179	201	213	30
50602	209	179	234	213	30
50603	243	179	268	213	30
#upward left 1 + moving + jumping
50610	110	179	135	213	30
50611	80	179	105	213	30
50612	47 	179	72	213	30
50613	13 	179	38	213	30
#upward right 2 + moving + jumping
50700	146	212	171	246	30
50701	176	212	201	246	30
50702	209	212	234	246	30
50703	244	212	269	246	30
#upward left 2 + moving + jumping
50710	110	212	135	246	30
50711	80	212	105	246	30
50712	47	212	72	246	30
50713	13	212	38	246	30
#upward right 3 + moving + jumping
50800	146	246	171	284	30	
50801	174	246	199	284	30	
50802	207	246	232	284	30
50803	242	246	267	284	30
#upward left 3 + moving + jumping
50810	110	246	135	284	30
50811	82	246	105	284	30
50812	49	246	74	284	30
50813	14	246	39	284	30
#upward right 4 + moving + jumping 
50900	146	283	172	317	30
50901	176	283	202	317	30
50902	207	283	233	317	30
50903	242	283	268	317	30
#upward left 4 + moving + jumping
50910	109 	283 	135 	317	30
50911	79 	283 	105 	317 	30
50912	48 	283 	74	317 	30
50913	13 	283 	39	317	30
# die 
51000	100	78	143	125	10
51001	12	85	76	132	10
# open right
51100	105	334	131	360	30
# open left
51110	74	334	100	360	30
##==============BULLET===================
#small bullet jason right, left, top
20001	240	68	248	74	1
20002	241	110	249	116	1
20003	241	89	247	97	1
#big bullet jason right, left, top
20004	73	200	95	206	1
20005	114	200	136	206	1
20006	241	38	247	60	1
#bang
20007	176	94	183	102	1
20008	192	91	208	104	1
20009	213	90	229	106	1
#electric bullet jason 
20010	3	111	18	127	1
20011	3	132	18	148	1
20012	7	153	14	168	1
20013	6	174	17	190	1
#small sophia bullet
20020	135	180	139	184	1
#big jason bullet
20021	215	199	225	207	1
20022	215	159	225	167	1
20023	216	178	224	188	1
20024	175	198	183	208	1
#big jason bullet explose
20025	42	155	60	173	10
20026	78	155	96	173	10
20027	114	155	132	173	10
#big jason grenade
20030	241	129	249	140	1
#big jason grenade explose
20031	236	155	255	172	1
#White bullet
#right
20040	189	514	199	524	40
#left
20041	47	514	57	524	40
#Red bullet
20042	248	92	256	100	90
#Boss bullet
20043	413	125	420	132	41
##
# Brick
40001	408	225	424	241	20
# Health Bar + Health
80000	0	0	8	48	70
80001	0	0	6	3	80
80002	112	237	120	253	1
# Item
30000	87	237	103	253	1
30001	66	237	82	253	1
30002	45	237	61	253	1
30003	24	237	40	253	1
30004	3	237	19	253	1
##============ENEMY======================
#ORB
#walk left
70011	74	386	92	404	40
#walk right
70015	154	386	172	404	40
#turn
70012	134	386	152	404	40
70013	114	386	132	404	40
70014	94	386	112	404	40
#WORM
#right
70051	186	411	204	421	40
70052	168	411	186	421	40
#left
70053	42	411	60	421	40
70054	60	411	78	421	40
#FLOATER
#walking right
70061	148	406	166	421	40
70062	128	405	146	421	40
#walking left
70063	80	406	98	421	40
70064	100	405	118	421	40
#SKULL
#right
70041	190	529	208	547	40	
70042	170	526	188	547	40
#left
70043	38	529	56	547	40
70044	58	526	76	547	40
#JUMPER
#right
70021	164	498	181	524	40
70022	146	498	163	524	40
70023	128	498	145	524	40
#left
70024	65	498	82	524	40
70025	81	498	98	524	40
70026	101	498	118	524	40
#INSECT
#right
70031	148	529	166	547	40
70032	128	529	146	547	40
#left
70033	80	529	98	547	40
70034	100	529	118	547	40
#DOME
#right
70071	46	440	63	458	40
70072	46	460	63	478	40
#bottom
70073	63	422	81	440	40
70074	83	422	101	440	40
#left
70075	101	460	117	478	40
70076	101	440	118	458	40
#top
70077	83	478	101	495	40
70078	63	478	81	494	40
#MINE
#idle
70081	363	211	379	221	90
#CANNONS
690001	37	604	63	630	40
690002	64	602	90	628	40
690003	92	602	118	628	40
########
##TELEPORTERS
#tuong
690011	67	567	91	599	40
#xanh
690012	94	567	118	599	40
## EYEBALLS
#MAT NHIN TRAI
690021	98	549	114	565	40
#MAT NHAM
690022	115	549	131	565	40
#MAT NHIN PHAI
690023	132	549	148	565	40
###FIREBALL
690031	210	304	218	312	40
# ==========================BOSS ==============================
#body
71000	7	116	67	182	41
71001	87	116	147	182	41
71002	167	116	227	182	41
71003	247	117	307	182	41
#canh tay
71010	329	120	345	137	41
71011	369	120	385	137	41
#ban tay trai
71012	328	153	346	185	41
#ban tay phai
71013	368	153	386	185	41
#bullet
71015	413	125	420	132	41
########################### INTRO ###################
#Intro
90501	0	0	256	234	5
90502	0	0	256	234	6

90001	809	0	1076	234	7
90002	540	0	807	234	7
90003	270	0	537	234	7
90004	0	0	267	234	7
90011	809	236	1076	470	7
90012	540	236	806	470	7
90013	270	236	536	470	7
90014	0	236	267	470	7
90021	809	473	1076	707	7
90022	540	473	806	707	7
90023	270	473	536	707	7
90024	0	473	267	707	7
90031	809	709	1076	943	7
90032	540	709	806	943	7
90033	270	709	536	943	7
90034	0	709	267	943	7
90035	0	946	267	1180	7
90036	270	946	536	1180	7
90037	540	946	806	1180	7
90038	809	946	1076	1180	7
90039	0	1182	267	1416	7
90041	809	1182	1076	1416	7
90042	540	1182	806	1416	7
90043	270	1182	536	1416	7
90044	0	1419	267	1653	7
90051	270	1419	536	1653	7
90052	540	1419	806	1653	7
90053	809	1419	1076	1653	7
90054	0	1655	267	1889	7
90061	270	1655	536	1889	7
90062	540	1655	806	1889	7
90063	809	1655	1076	1889	7
90064	0	1892	267	2126	7
90071	270	1892	536	2126	7
90072	540	1892	806	2126	7
90073	809	1892	1076	2126	7
90074	0	2128	267	2362	7

90101	0	0	256	234	9
90102	259	0	515	234	9
90201	518	0	774	234	9
90202	0	227	256	461	9
90203	259	227	515	461	9
90204	518	227	774	461	9
90205	0	454	256	688	9
90206	259	454	515	688	9
90207	518	454	774	688	9
90208	0	681	256	915	9

90999	0	0	267	234	8
################################### ENDSCENE ###########
#Endgame
99001	2	2	532	234	100

99011	484	237	498	252	100
99012	501	237	516	252	100
99013	519	237	533	252	100

99101	0	0	300	142	101
99102	0	1	300	91	102

99201	0	1	300	143	101
99202	0	2	300	92	102

99099	36	249	61	272	100

99301	198	307	265	390	100
99302	266	383	283	390	100

#A
99401	123	248	131	256	100
#C
99402	142	248	150	256	100
#E
99403	161	248	169	256	100
#G
99404	179	248	187	256	100
#H
99405	189	248	197	256	100
#I
99406	198	248	206	256	100
#L
99407	226	248	235	256	100
#M
99408	236	248	244	256	100
#N
99409	245	248	253	256	100
#O
99410	254	248	262	256	100
#Q
99411	273	248	281	256	100
#R
99412	283	248	291	256	100
#T
99413	301	248	309	256	100
#U
99414	311	248	319	256	100
#Y
99415	348	248	356	256	100
# ani_id	sprite1_id	time1	sprite2_id	time2	...
[ANIMATIONS]
#idle right
500	50000	100	50001	100	50002	100	50003	100
#idle left
501	50010	100	50011	100	50012	100	50013	100
#moving right 
510	50000	30	50001	30	50002	30	50003	30	50100	30	50101	30	50102	30	50103	30
#moving left 
511	50010	30	50011	30	50012	30	50013	30	50110	30	50111	30	50112	30	50113	30
##JUMP
# jumping right + moving
520	50500	30	50501	30	50502	30	50503	30
# jumping left + moving
521	50510	30	50511	30	50512	30	50513	30
# falling right + moving
530	50200	30	50201	30	50202	30	50203	30
# falling left	+ moving
531	50210	30	50211	30	50212	30	50213	30
#Upward
#Upward right moving 
540	50900	40	50901	40	50902	40	50903	40
#Upward left moving
541	50910	40	50911	40	50912	40	50913	40
##GUN FLIP IDLE
#upward right 0
550	50600	100	50700	100	50800	100	50900	999999999
#upward right 1
551	50601	100	50701	100	50801	100	50901	999999999
#upward  right 2
552	50602	100	50702	100	50802	100	50902	999999999
#upward  right 3
553	50603	100	50703	100	50803	100	50903	999999999
#upward  left 0
560	50610	100	50710	100	50810	100	50910	999999999
#upward left 1
561	50611	100	50711	100	50811	100	50911	999999999
#upward left 2
562	50612	100	50712	100	50812	100	50912	999999999
#upward  left 3
563	50613	100	50713	100	50813	100	50913	999999999
# TURN
#turn 0
570	50300	40	51300	40	51313	40	50313	40
#turn 1
571	50301	40	51301	40	51312	40	50312	40
#turn 2
572	50302	40	51302	40	51311	40	50311	40
#turn 3
573	50303	40	51303	40	51310	40	50310	40
#jump up turn 0
580	50400	50	50413	50
##jump up turn 1
581	50401	50	50412	50
#jump up turn 2
582	50402	50	50411	50
#jump up turn 3
583	50403	50	50410	50
#die
900	51000	150	51001	150
#open right
600	51100	9999999
#open left
601	51110	9999999
#Brick
602	40001	100
#============== SMALL JASON =========
100	1000	100
101	1010	100
110	1100	100	1101	100	1102	100
111	1110	100	1111	100	1112	100
120	1200	100	1210	100
130	1300	100	1301	100
131	1310	100	1311	100
140	1100	100
141	1110	100
150	1100	100
151	1110	100
160	1400	150	1401	150	1402	150	1403	200	1404	400	1404	250
161	1410	150	1411	150	1412	150	1414	200	1414	400	1414	250
#============== BIG JASON =========
200	2000	100
201	2001	100
202	2002	100
203	2003	100
210	2100	100	2000	100	2101	100
211	2110	100	2001	100	2111	100
220	2200	100	2002	100	2201	100
221	2210	100	2003	100	2211	100
230	2300	100	2301	100	2302	150	2303	200
#==============BULLET=================
#small bullet sophia right
700	20001	200
#small bullet sophia left
701	20002	200
#small bullet sophia up
702	20003	200
#big bullet sophia right
703	20004	200
#big bullet sophia left
704	20005	200
#big bullet sophia up
705	20006	200
#bang
706	20007	50	20008	50	20009	50
#electric bullet sophia
707	20010	100	20011	100	20012	100	20013	100
#small jason bullet
710	20020	100
#Big jason bullet
711	20021	100
712	20022	100
713	20023	100
714	20024	100
#big jason bullet explose
715	20025	50	20026	50	20027	50
#White Bullet
720	20040	300
721	20041	300
#Red Bullet
722	20042	100
#Boss Bullet
723	20043	100
#big jason grenade
730	20030	50
#big jason garenade explose
731	20031	100
# health bar
800	80000	100
# health
801	80001	100
#hov null
802	80002	100
#Item 
#Power UP
300	30000	100
#Hover UP
301	30001	100
#Thunder
302	30002	100
#multi missle
303	30003	100
#homing missle
304	30004	100
##===============ENEMY================
# ==== ORB  =============
#walk left
921	70011	100
#walk right
922	70015	100
#turn
923	70012	50	70013	50	70014	50
# ==== WORM  ==============
#idle right
961	70052	100
#idle left
962	70054	100
#right
963	70051	100	70052	100
#left
964	70053	100	70054	100
#drop right
965	70052	100
#drop left
966	70054	100
# ==== FLOATER  ===========
#walk right
971	70061	100	70062	100
#walk left
972	70063	100	70064	100
# ==== SKULL  =============
#right
951	70042	100
#left
952	70043	100
#jump right
953	70041	100
#jump left
954	70044	100
# ==== DOME  ============
#right
941	70071	100	70072	100
#bottom
942	70073	100	70074	100
#left
943	70075	100	70076	100
#top
944	70077	100	70078	100
#idle
945	70073	100
#drop
946	70077	100
#drop
946	70078	100
#follow right
947	70076	100
#follow left
948	70072	100
# ==== JUMPER  ============
#right
911	70021	100	70023	100
#left
912	70024	100	70026	100
#jump right
913	70022	100
#jump left
914	70025	100
#idle 
915	70021	100
# ==== INSECT  ============
#right
931	70031	100	70032	100
#left
932	70033	100	70034	100
#jump right
933	70031	100
#jump left
934	70033	100
#idle
935	70033	100
# ==== MINE  ===========
#idle
981	70081	100
#CANNONS
#ngang
1800	690003	250	690001	250
#doc
1801	690002	250	690003	250
#TELEPORTERS
#dung yen
1810	690011	125	690012	25	690011	25	690012	25
#di chuyen
1811	690012	100	690012	100
##EYEBALLS
#DI CHUYEN
1820	690021	100	690023	100	690021	100	690023	100
#DUNG YEN
1821	690022	50	690021	150	690023	100	690021	100
################
1830	690031	999999
# ==== BOSS =============
1500	71000	200	71001	200	71002	200	71003	200
1501	71010	1000
1502	71011	1000
1503	71012	1000
1504	71013	1000
############ INTRO AND ENDSCENE
#Intro
1001	90502	300	90501	1500	90502	3000	90999	50	90004	35	90003	35	90002	35	90001	3000	90002	30	90003	30	90004	30	90999	40	90014	15	90013	15	90012	15	90011	3000	90012	30	90013	30	90014	30	90999	40	90024	15	90023	15	90022	15	90021	3000	90022	30	90023	30	90024	30	90999	40	90034	15	90033	15	90032	15	90031	2300	90035	2300	90036	3000	90037	30	90038	30	90039	30	90999	40	90043	15	90042	15	90041	15	90044	3000	90041	30	90042	30	90043	30	90999	40	90051	15	90052	15	90053	15	90054	3000	90053	30	90052	30	90051	30	90999	40	90061	15	90062	15	90063	15	90064	3000	90063	30	90062	30	90061	30	90999	40	90071	15	90072	15	90073	15	90074	3000	90073	30	90072	30	90071	30	90999	200	90501	1500	90999	200	90101	100	90102	100	90101	100	90102	100	90101	100	90102	100	90201	150	90202	140	90203	130	90204	120	90205	110	90206	100	90207	100	90208	120	90205	2000	90205	2000
# ==== ENDGAME  ========
#Endgame
1009	99102	1740	99202	100	99102	100	99202	100	99102	100	99202	100	99102	100	99202	100	99102	100	99202	100	99102	100	99202	100	99102	100	99202	100	99102	100	99202	100	99102	100	99202	100	99102	100	99202	100	99102	100	99202	100	99102	100	99202	100	99102	100	99202	100	99102	100	99202	100	99102	100	99202	100	99102	100	99202	100	99102	100	99202	100	99102	100	99202	100	99102	100
1008	99101	1740	99201	100	99101	100	99201	100	99101	100	99201	100	99101	100	99201	100	99101	100	99201	100	99101	100	99201	100	99101	100	99201	100	99101	100	99201	100	99101	100	99201	100	99101	100	99201	100	99101	100	99201	100	99101	100	99201	100	99101	100	99201	100	99101	100	99201	100	99101	100	99201	100	99101	100	99201	100	99101	100	99201	100	99101	100	99201	100	99101	100
#Endgame1
1020	99099	100
#HeadEnd
1010	99011	100	99012	100	99013	100
1011	99001	100000000
#Endgame3
1030	99301	1000000
1031	99302	1000000

1041	99401	1000000
1042	99402	1000000
1043	99403	1000000
1044	99404	1000000
1045	99405	1000000
1046	99406	1000000
1047	99407	1000000
1048	99408	1000000
1049	99409	1000000
1050	99410	1000000
1051	99411	1000000
1052	99412	1000000
1053	99413	1000000
1054	99414	1000000
1055	99415	1000000
# id	ani1	ani2	ani3
# id tuan theo define
[ANIMATION_SETS]
# SOPHIA JASON
#id    type	ani   state
#	
0	1	500	0	501	1	510	2	511	3	520	4	521	5	530	6	531	7	550	8	551	9	552	10	553	11	560	12	561	13	562	14	563	15	540	16	541	17	570	18	571	19	572	20	573	21	580	22	581	23	582	24	583	25	900	26	600	27	601	28
0	2	100	29	101	30	110	31	111	32	120	33	130	34	131	35	140	36	141	37	150	38	151	39	160	40	161	41
0	3	200	42	201	43	202	44	203	45	210	46	211	47	220	48	221	49	230	50
#=== BULLET ======
#JASON
#small +big bullet
4	4	700	0	701	1	702	2	703	4	704	5 	705	6	706	3	706	7
8	8	710	10	706	3
#big jason bullet
21	21	711	34	712	35	713	36	714	37	715	38
22	22	730	39	731	40
#HEATH
11	11	800	11
12	12	801	12
14	14	802	14
#ITEM
17	17	300	16	301	17	302	18
#ENEMY BULLET
24	24	710	46	706	3	722	86	722	87	722	88	722	89	723	119	720	74	721	75	722	120
#ORB1
18	18	921	20	922	21	923	22	923	23
#WORM
19	19	961	24	962	25	963	26	964	27	965	28	966	29
#FLOATER
20	20	971	30	972	31	971	32	972	33
#DOME
23	23	943	66	944	67	941	68	942	69	945	70	946	71	947	72	948	73
#JUMPER
25	25	911	48	912	49	913	50	914	51	915	52
#INSECT
26	26	931	53	932	54	933	55	934	56	935	57
#ORB2
27	27	922	58	921	59	923	60	923	61	923	62	706	63
#MINE
28	28	981	64
#SKULL
29	29	951	41	952	42	953	43	954	44	951	45
#TELEPORTER, EYEBALL BULLET
#30	30	
#MINE BULLET
31	31	710	76	710	77	710	78	710	79	706	3
#30	30	720	74	721	75	706	3
#CANON
32	32	1800	80	1801	81
#TELEPORTERS
33	33	1810	82	1811	83
#EYEBALLS
34	34	1820	84	1821	85
#INTRO
35	35	1001	90
#ENDSCENE
36	36	1008	91	1020	92	1009	93
37	37	1010	94	1011	95
38	38	1030	96	1031	97	1041	98	1042	99	1043	100	1044	101	1045	102	1046	103	1047	104	1048	105	1049	106	1050	107	1051	108	1052	109	1053	110	1054	111	1055	112
#BOSS
39	39	1500	113
40	40	1501	114
41	41	1502	115
42	42	1503	116
43	43	1504	117
[SWITCHSCENE]
#switch scene
100