[TEXTURES]
50	Textures/map2.png	255	255	255
[OBJECTS]
#JUMPER
25	103	25
25	105	45
#FLOATER
20	108	20
20	116	19
#ORB1
18	123	21
18	123	25
18	124	29
#BRICK
6	97	18	1	28
6	98	17	30	1
6	126	18	1	28
6	105	46	6	1
6	113	46	13	1
6	102	46	1	1

6	104	23	2	1
6	122	23	2	1
6	102	27	2	1
6	124	27	2	1
6	122	31	2	1
6	124	35	2	1
6	104	39	2	1
6	110	39	2	1
6	122	39	2	1
6	102	43	2	1
6	112	43	2	1
6	124	43	2	1
6	98	33	8	1
6	106	34	1	8
6	109	34	1	8
6	107	41	2	1

6	98	26	4	1
6	101	28	1	2
6	102	30	16	1
6	118	26	1	4
6	107	25	11	1
6	106	23	1	3
6	106	22	5	1
6	113	22	2	1
6	117	22	4	1
6	121	22	1	12
6	110	33	11	1

6	114	38	1	8
6	115	38	4	1
6	121	38	1	4
6	118	41	3	1
6	117	42	1	4
6	98	42	4	1
#DAMAGE BRICK
16	111	23	2	1
16	115	23	2	1
16	119	39	2	1
16	111	47	2	1
16	103	47	2	1
#SCENE PORTAL
7	98	40	1	2	8
7	98	24	1	2	6
