# Id	FilePath		R	G	B
[TEXTURES]
50	Textures/map2.png	255	255	255
[MAP]
50	2048	2048
[OBJECTS]
#INSECT
26	58	82
26	50	90
26	46	74
26	49	42
#SKULL
29	59	56
#ORB1
18	40	34
#MINE
28	56	69
28	47	69
28	46	61
#BRICK
6	34	126	28	1
6	33	20	1	106
6	34	19	28	1
6	62	20	1	106
6	58	22	4	2
6	34	26	1	2
6	36	26	2	2
6	46	26	4	2
6	58	26	4	2
6	50	30	8	2

6	46	34	4	2
6	34	38	4	2
16	38	39	4	1
6	42	38	12	2
6	58	38	4	2
6	54	42	4	2
6	34	46	4	2
6	42	46	4	2
16	46	47	4	1
6	50	46	12	2
6	38	50	4	2
6	34	54	16	2
6	58	54	4	2
6	50	58	12	2
6	38	62	4	2
16	42	63	4	1
6	46	62	4	2
6	34	66	4	2
6	34	70	16	2
16	50	71	4	1
6	54	70	4	2
6	34	74	4	2
6	42	72	2	5
6	58	74	4	2
6	38	78	12	2
6	54	78	8	2
6	34	82	8	2
6	42	80	2	5
6	50	82	4	2
6	34	86	4	2
6	38	86	2	3
6	42	86	12	2
6	58	86	4	2
6	34	90	8	2
6	54	90	8	2
6	34	94	12	2
16	46	95	4	1
6	50	94	8	2
6	58	98	4	2
6	38	102	4	2
16	42	103	4	1
6	46	102	12	2
6	34	106	4	2
6	50	104	2	6
6	58	106	4	2
6	34	110	12	2
6	50	110	12	2
6	42	112	2	5
6	46	114	4	2
6	42	118	16	2
6	34	118	4	2
6	34	122	8	2
6	58	122	4	2
##
# --- SCENE PORTAL ----
7	61	24	1	2	6
7	61	56	1	2	9
7	61	88	1	2	4
#-----   STAIR  -----------      
9	35	26	1	12
# --------- GATE ---------
10	36.6	24	1	2	10
