[TEXTURES]
50	Textures/map44.png	255	255	255
[MAP]
50	516	992
[OBJECTS]
#ORB1
18	12	12
18	15	30
#WORM
19	11	50
19	18	58
19	26	58
19	5	34
19	16	30
#MINE
28	21	59
#BRICK
6	1	2	1	58
6	2	1	28	1
6	30	2	1	58
6	2	4	4	2
6	22	4	4	2
6	2	8	4	2
6	6	12	1	2
6	9	12	1	2
6	2	16	4	2
6	10	16	1	2
6	13	16	1	2
6	6	20	1	2
6	9	20	1	2
6	14	20	4	2
6	2	24	4	2
6	10	24	4	2
6	18	24	1	2
6	21	24	1	2
6	6	28	4	2
6	14	28	12	2
6	2	32	4	2
6	10	32	1	2
6	13	32	9	2
6	2	36	16	2
6	22	36	4	2
6	6	40	8	2
6	18	40	1	2
6	21	40	5	2
6	2	44	1	2
6	5	44	5	2
6	14	44	1	2
6	17	44	5	2
6	6	48	5	2
6	13	48	5	2
6	22	48	4	2
6	2	52	1	2
6	5	52	1	2
6	10	52	4	2
6	18	52	12	2
6	2	56	8	2
6	14	56	8	2
6	26	56	4	2
6	2	60	28	1
#DAMAGE BRICK
16	7	13	2	1
16	11	17	2	1
16	7	21	2	1
16	19	25	2	1
16	11	33	2	1
16	19	41	2	1
16	3	45	2	1
16	15	45	2	1
16	11	49	2	1
16	3	53	2	1
#SCENE PORTAL
7	2	54	1	2	3
7	2	6	1	2	5
	